\mathrm{E} * \mathrm{E} = \mathrm{E}
  [1, 2, 3, 4, 5, 6, 7, 8] ∘ [1, 2, 3, 4, 5, 6, 7, 8] = [1, 2, 3, 4, 5, 6, 7, 8]
\mathrm{E} * \mathrm{C}_{3} = \mathrm{C}_{3}
  [1, 2, 3, 4, 5, 6, 7, 8] ∘ [1, 2, 4, 5, 3, 7, 8, 6] = [1, 2, 4, 5, 3, 7, 8, 6]
\mathrm{E} * \mathrm{C}_{3}^{2} = \mathrm{C}_{3}^{2}
  [1, 2, 3, 4, 5, 6, 7, 8] ∘ [1, 2, 5, 3, 4, 8, 6, 7] = [1, 2, 5, 3, 4, 8, 6, 7]
\mathrm{E} * \mathrm{C}_{2}^{(a)} = \mathrm{C}_{2}^{(a)}
  [1, 2, 3, 4, 5, 6, 7, 8] ∘ [2, 1, 6, 8, 7, 3, 5, 4] = [2, 1, 6, 8, 7, 3, 5, 4]
\mathrm{E} * \mathrm{C}_{2}^{(b)} = \mathrm{C}_{2}^{(b)}
  [1, 2, 3, 4, 5, 6, 7, 8] ∘ [2, 1, 8, 7, 6, 5, 4, 3] = [2, 1, 8, 7, 6, 5, 4, 3]
\mathrm{E} * \mathrm{C}_{2}^{(c)} = \mathrm{C}_{2}^{(c)}
  [1, 2, 3, 4, 5, 6, 7, 8] ∘ [2, 1, 7, 6, 8, 4, 3, 5] = [2, 1, 7, 6, 8, 4, 3, 5]
\mathrm{E} * \sigma_{v1} = \sigma_{v1}
  [1, 2, 3, 4, 5, 6, 7, 8] ∘ [1, 2, 3, 5, 4, 6, 8, 7] = [1, 2, 3, 5, 4, 6, 8, 7]
\mathrm{E} * \sigma_{v2} = \sigma_{v2}
  [1, 2, 3, 4, 5, 6, 7, 8] ∘ [1, 2, 5, 4, 3, 8, 7, 6] = [1, 2, 5, 4, 3, 8, 7, 6]
\mathrm{E} * \sigma_{v3} = \sigma_{v3}
  [1, 2, 3, 4, 5, 6, 7, 8] ∘ [1, 2, 4, 3, 5, 7, 6, 8] = [1, 2, 4, 3, 5, 7, 6, 8]
\mathrm{E} * \sigma_{h} = \sigma_{h}
  [1, 2, 3, 4, 5, 6, 7, 8] ∘ [2, 1, 6, 7, 8, 3, 4, 5] = [2, 1, 6, 7, 8, 3, 4, 5]
\mathrm{E} * \mathrm{S}_{3} = \mathrm{S}_{3}
  [1, 2, 3, 4, 5, 6, 7, 8] ∘ [2, 1, 7, 8, 6, 4, 5, 3] = [2, 1, 7, 8, 6, 4, 5, 3]
\mathrm{E} * \mathrm{S}_{3}^{5} = \mathrm{S}_{3}^{5}
  [1, 2, 3, 4, 5, 6, 7, 8] ∘ [2, 1, 8, 6, 7, 5, 3, 4] = [2, 1, 8, 6, 7, 5, 3, 4]
\mathrm{C}_{3} * \mathrm{E} = \mathrm{C}_{3}
  [1, 2, 4, 5, 3, 7, 8, 6] ∘ [1, 2, 3, 4, 5, 6, 7, 8] = [1, 2, 4, 5, 3, 7, 8, 6]
\mathrm{C}_{3} * \mathrm{C}_{3} = \mathrm{C}_{3}^{2}
  [1, 2, 4, 5, 3, 7, 8, 6] ∘ [1, 2, 4, 5, 3, 7, 8, 6] = [1, 2, 5, 3, 4, 8, 6, 7]
\mathrm{C}_{3} * \mathrm{C}_{3}^{2} = \mathrm{E}
  [1, 2, 4, 5, 3, 7, 8, 6] ∘ [1, 2, 5, 3, 4, 8, 6, 7] = [1, 2, 3, 4, 5, 6, 7, 8]
\mathrm{C}_{3} * \mathrm{C}_{2}^{(a)} = \mathrm{C}_{2}^{(c)}
  [1, 2, 4, 5, 3, 7, 8, 6] ∘ [2, 1, 6, 8, 7, 3, 5, 4] = [2, 1, 7, 6, 8, 4, 3, 5]
\mathrm{C}_{3} * \mathrm{C}_{2}^{(b)} = \mathrm{C}_{2}^{(a)}
  [1, 2, 4, 5, 3, 7, 8, 6] ∘ [2, 1, 8, 7, 6, 5, 4, 3] = [2, 1, 6, 8, 7, 3, 5, 4]
\mathrm{C}_{3} * \mathrm{C}_{2}^{(c)} = \mathrm{C}_{2}^{(b)}
  [1, 2, 4, 5, 3, 7, 8, 6] ∘ [2, 1, 7, 6, 8, 4, 3, 5] = [2, 1, 8, 7, 6, 5, 4, 3]
\mathrm{C}_{3} * \sigma_{v1} = \sigma_{v3}
  [1, 2, 4, 5, 3, 7, 8, 6] ∘ [1, 2, 3, 5, 4, 6, 8, 7] = [1, 2, 4, 3, 5, 7, 6, 8]
\mathrm{C}_{3} * \sigma_{v2} = \sigma_{v1}
  [1, 2, 4, 5, 3, 7, 8, 6] ∘ [1, 2, 5, 4, 3, 8, 7, 6] = [1, 2, 3, 5, 4, 6, 8, 7]
\mathrm{C}_{3} * \sigma_{v3} = \sigma_{v2}
  [1, 2, 4, 5, 3, 7, 8, 6] ∘ [1, 2, 4, 3, 5, 7, 6, 8] = [1, 2, 5, 4, 3, 8, 7, 6]
\mathrm{C}_{3} * \sigma_{h} = \mathrm{S}_{3}
  [1, 2, 4, 5, 3, 7, 8, 6] ∘ [2, 1, 6, 7, 8, 3, 4, 5] = [2, 1, 7, 8, 6, 4, 5, 3]
\mathrm{C}_{3} * \mathrm{S}_{3} = \mathrm{S}_{3}^{5}
  [1, 2, 4, 5, 3, 7, 8, 6] ∘ [2, 1, 7, 8, 6, 4, 5, 3] = [2, 1, 8, 6, 7, 5, 3, 4]
\mathrm{C}_{3} * \mathrm{S}_{3}^{5} = \sigma_{h}
  [1, 2, 4, 5, 3, 7, 8, 6] ∘ [2, 1, 8, 6, 7, 5, 3, 4] = [2, 1, 6, 7, 8, 3, 4, 5]
\mathrm{C}_{3}^{2} * \mathrm{E} = \mathrm{C}_{3}^{2}
  [1, 2, 5, 3, 4, 8, 6, 7] ∘ [1, 2, 3, 4, 5, 6, 7, 8] = [1, 2, 5, 3, 4, 8, 6, 7]
\mathrm{C}_{3}^{2} * \mathrm{C}_{3} = \mathrm{E}
  [1, 2, 5, 3, 4, 8, 6, 7] ∘ [1, 2, 4, 5, 3, 7, 8, 6] = [1, 2, 3, 4, 5, 6, 7, 8]
\mathrm{C}_{3}^{2} * \mathrm{C}_{3}^{2} = \mathrm{C}_{3}
  [1, 2, 5, 3, 4, 8, 6, 7] ∘ [1, 2, 5, 3, 4, 8, 6, 7] = [1, 2, 4, 5, 3, 7, 8, 6]
\mathrm{C}_{3}^{2} * \mathrm{C}_{2}^{(a)} = \mathrm{C}_{2}^{(b)}
  [1, 2, 5, 3, 4, 8, 6, 7] ∘ [2, 1, 6, 8, 7, 3, 5, 4] = [2, 1, 8, 7, 6, 5, 4, 3]
\mathrm{C}_{3}^{2} * \mathrm{C}_{2}^{(b)} = \mathrm{C}_{2}^{(c)}
  [1, 2, 5, 3, 4, 8, 6, 7] ∘ [2, 1, 8, 7, 6, 5, 4, 3] = [2, 1, 7, 6, 8, 4, 3, 5]
\mathrm{C}_{3}^{2} * \mathrm{C}_{2}^{(c)} = \mathrm{C}_{2}^{(a)}
  [1, 2, 5, 3, 4, 8, 6, 7] ∘ [2, 1, 7, 6, 8, 4, 3, 5] = [2, 1, 6, 8, 7, 3, 5, 4]
\mathrm{C}_{3}^{2} * \sigma_{v1} = \sigma_{v2}
  [1, 2, 5, 3, 4, 8, 6, 7] ∘ [1, 2, 3, 5, 4, 6, 8, 7] = [1, 2, 5, 4, 3, 8, 7, 6]
\mathrm{C}_{3}^{2} * \sigma_{v2} = \sigma_{v3}
  [1, 2, 5, 3, 4, 8, 6, 7] ∘ [1, 2, 5, 4, 3, 8, 7, 6] = [1, 2, 4, 3, 5, 7, 6, 8]
\mathrm{C}_{3}^{2} * \sigma_{v3} = \sigma_{v1}
  [1, 2, 5, 3, 4, 8, 6, 7] ∘ [1, 2, 4, 3, 5, 7, 6, 8] = [1, 2, 3, 5, 4, 6, 8, 7]
\mathrm{C}_{3}^{2} * \sigma_{h} = \mathrm{S}_{3}^{5}
  [1, 2, 5, 3, 4, 8, 6, 7] ∘ [2, 1, 6, 7, 8, 3, 4, 5] = [2, 1, 8, 6, 7, 5, 3, 4]
\mathrm{C}_{3}^{2} * \mathrm{S}_{3} = \sigma_{h}
  [1, 2, 5, 3, 4, 8, 6, 7] ∘ [2, 1, 7, 8, 6, 4, 5, 3] = [2, 1, 6, 7, 8, 3, 4, 5]
\mathrm{C}_{3}^{2} * \mathrm{S}_{3}^{5} = \mathrm{S}_{3}
  [1, 2, 5, 3, 4, 8, 6, 7] ∘ [2, 1, 8, 6, 7, 5, 3, 4] = [2, 1, 7, 8, 6, 4, 5, 3]
\mathrm{C}_{2}^{(a)} * \mathrm{E} = \mathrm{C}_{2}^{(a)}
  [2, 1, 6, 8, 7, 3, 5, 4] ∘ [1, 2, 3, 4, 5, 6, 7, 8] = [2, 1, 6, 8, 7, 3, 5, 4]
\mathrm{C}_{2}^{(a)} * \mathrm{C}_{3} = \mathrm{C}_{2}^{(b)}
  [2, 1, 6, 8, 7, 3, 5, 4] ∘ [1, 2, 4, 5, 3, 7, 8, 6] = [2, 1, 8, 7, 6, 5, 4, 3]
\mathrm{C}_{2}^{(a)} * \mathrm{C}_{3}^{2} = \mathrm{C}_{2}^{(c)}
  [2, 1, 6, 8, 7, 3, 5, 4] ∘ [1, 2, 5, 3, 4, 8, 6, 7] = [2, 1, 7, 6, 8, 4, 3, 5]
\mathrm{C}_{2}^{(a)} * \mathrm{C}_{2}^{(a)} = \mathrm{E}
  [2, 1, 6, 8, 7, 3, 5, 4] ∘ [2, 1, 6, 8, 7, 3, 5, 4] = [1, 2, 3, 4, 5, 6, 7, 8]
\mathrm{C}_{2}^{(a)} * \mathrm{C}_{2}^{(b)} = \mathrm{C}_{3}
  [2, 1, 6, 8, 7, 3, 5, 4] ∘ [2, 1, 8, 7, 6, 5, 4, 3] = [1, 2, 4, 5, 3, 7, 8, 6]
\mathrm{C}_{2}^{(a)} * \mathrm{C}_{2}^{(c)} = \mathrm{C}_{3}^{2}
  [2, 1, 6, 8, 7, 3, 5, 4] ∘ [2, 1, 7, 6, 8, 4, 3, 5] = [1, 2, 5, 3, 4, 8, 6, 7]
\mathrm{C}_{2}^{(a)} * \sigma_{v1} = \sigma_{h}
  [2, 1, 6, 8, 7, 3, 5, 4] ∘ [1, 2, 3, 5, 4, 6, 8, 7] = [2, 1, 6, 7, 8, 3, 4, 5]
\mathrm{C}_{2}^{(a)} * \sigma_{v2} = \mathrm{S}_{3}
  [2, 1, 6, 8, 7, 3, 5, 4] ∘ [1, 2, 5, 4, 3, 8, 7, 6] = [2, 1, 7, 8, 6, 4, 5, 3]
\mathrm{C}_{2}^{(a)} * \sigma_{v3} = \mathrm{S}_{3}^{5}
  [2, 1, 6, 8, 7, 3, 5, 4] ∘ [1, 2, 4, 3, 5, 7, 6, 8] = [2, 1, 8, 6, 7, 5, 3, 4]
\mathrm{C}_{2}^{(a)} * \sigma_{h} = \sigma_{v1}
  [2, 1, 6, 8, 7, 3, 5, 4] ∘ [2, 1, 6, 7, 8, 3, 4, 5] = [1, 2, 3, 5, 4, 6, 8, 7]
\mathrm{C}_{2}^{(a)} * \mathrm{S}_{3} = \sigma_{v2}
  [2, 1, 6, 8, 7, 3, 5, 4] ∘ [2, 1, 7, 8, 6, 4, 5, 3] = [1, 2, 5, 4, 3, 8, 7, 6]
\mathrm{C}_{2}^{(a)} * \mathrm{S}_{3}^{5} = \sigma_{v3}
  [2, 1, 6, 8, 7, 3, 5, 4] ∘ [2, 1, 8, 6, 7, 5, 3, 4] = [1, 2, 4, 3, 5, 7, 6, 8]
\mathrm{C}_{2}^{(b)} * \mathrm{E} = \mathrm{C}_{2}^{(b)}
  [2, 1, 8, 7, 6, 5, 4, 3] ∘ [1, 2, 3, 4, 5, 6, 7, 8] = [2, 1, 8, 7, 6, 5, 4, 3]
\mathrm{C}_{2}^{(b)} * \mathrm{C}_{3} = \mathrm{C}_{2}^{(c)}
  [2, 1, 8, 7, 6, 5, 4, 3] ∘ [1, 2, 4, 5, 3, 7, 8, 6] = [2, 1, 7, 6, 8, 4, 3, 5]
\mathrm{C}_{2}^{(b)} * \mathrm{C}_{3}^{2} = \mathrm{C}_{2}^{(a)}
  [2, 1, 8, 7, 6, 5, 4, 3] ∘ [1, 2, 5, 3, 4, 8, 6, 7] = [2, 1, 6, 8, 7, 3, 5, 4]
\mathrm{C}_{2}^{(b)} * \mathrm{C}_{2}^{(a)} = \mathrm{C}_{3}^{2}
  [2, 1, 8, 7, 6, 5, 4, 3] ∘ [2, 1, 6, 8, 7, 3, 5, 4] = [1, 2, 5, 3, 4, 8, 6, 7]
\mathrm{C}_{2}^{(b)} * \mathrm{C}_{2}^{(b)} = \mathrm{E}
  [2, 1, 8, 7, 6, 5, 4, 3] ∘ [2, 1, 8, 7, 6, 5, 4, 3] = [1, 2, 3, 4, 5, 6, 7, 8]
\mathrm{C}_{2}^{(b)} * \mathrm{C}_{2}^{(c)} = \mathrm{C}_{3}
  [2, 1, 8, 7, 6, 5, 4, 3] ∘ [2, 1, 7, 6, 8, 4, 3, 5] = [1, 2, 4, 5, 3, 7, 8, 6]
\mathrm{C}_{2}^{(b)} * \sigma_{v1} = \mathrm{S}_{3}^{5}
  [2, 1, 8, 7, 6, 5, 4, 3] ∘ [1, 2, 3, 5, 4, 6, 8, 7] = [2, 1, 8, 6, 7, 5, 3, 4]
\mathrm{C}_{2}^{(b)} * \sigma_{v2} = \sigma_{h}
  [2, 1, 8, 7, 6, 5, 4, 3] ∘ [1, 2, 5, 4, 3, 8, 7, 6] = [2, 1, 6, 7, 8, 3, 4, 5]
\mathrm{C}_{2}^{(b)} * \sigma_{v3} = \mathrm{S}_{3}
  [2, 1, 8, 7, 6, 5, 4, 3] ∘ [1, 2, 4, 3, 5, 7, 6, 8] = [2, 1, 7, 8, 6, 4, 5, 3]
\mathrm{C}_{2}^{(b)} * \sigma_{h} = \sigma_{v2}
  [2, 1, 8, 7, 6, 5, 4, 3] ∘ [2, 1, 6, 7, 8, 3, 4, 5] = [1, 2, 5, 4, 3, 8, 7, 6]
\mathrm{C}_{2}^{(b)} * \mathrm{S}_{3} = \sigma_{v3}
  [2, 1, 8, 7, 6, 5, 4, 3] ∘ [2, 1, 7, 8, 6, 4, 5, 3] = [1, 2, 4, 3, 5, 7, 6, 8]
\mathrm{C}_{2}^{(b)} * \mathrm{S}_{3}^{5} = \sigma_{v1}
  [2, 1, 8, 7, 6, 5, 4, 3] ∘ [2, 1, 8, 6, 7, 5, 3, 4] = [1, 2, 3, 5, 4, 6, 8, 7]
\mathrm{C}_{2}^{(c)} * \mathrm{E} = \mathrm{C}_{2}^{(c)}
  [2, 1, 7, 6, 8, 4, 3, 5] ∘ [1, 2, 3, 4, 5, 6, 7, 8] = [2, 1, 7, 6, 8, 4, 3, 5]
\mathrm{C}_{2}^{(c)} * \mathrm{C}_{3} = \mathrm{C}_{2}^{(a)}
  [2, 1, 7, 6, 8, 4, 3, 5] ∘ [1, 2, 4, 5, 3, 7, 8, 6] = [2, 1, 6, 8, 7, 3, 5, 4]
\mathrm{C}_{2}^{(c)} * \mathrm{C}_{3}^{2} = \mathrm{C}_{2}^{(b)}
  [2, 1, 7, 6, 8, 4, 3, 5] ∘ [1, 2, 5, 3, 4, 8, 6, 7] = [2, 1, 8, 7, 6, 5, 4, 3]
\mathrm{C}_{2}^{(c)} * \mathrm{C}_{2}^{(a)} = \mathrm{C}_{3}
  [2, 1, 7, 6, 8, 4, 3, 5] ∘ [2, 1, 6, 8, 7, 3, 5, 4] = [1, 2, 4, 5, 3, 7, 8, 6]
\mathrm{C}_{2}^{(c)} * \mathrm{C}_{2}^{(b)} = \mathrm{C}_{3}^{2}
  [2, 1, 7, 6, 8, 4, 3, 5] ∘ [2, 1, 8, 7, 6, 5, 4, 3] = [1, 2, 5, 3, 4, 8, 6, 7]
\mathrm{C}_{2}^{(c)} * \mathrm{C}_{2}^{(c)} = \mathrm{E}
  [2, 1, 7, 6, 8, 4, 3, 5] ∘ [2, 1, 7, 6, 8, 4, 3, 5] = [1, 2, 3, 4, 5, 6, 7, 8]
\mathrm{C}_{2}^{(c)} * \sigma_{v1} = \mathrm{S}_{3}
  [2, 1, 7, 6, 8, 4, 3, 5] ∘ [1, 2, 3, 5, 4, 6, 8, 7] = [2, 1, 7, 8, 6, 4, 5, 3]
\mathrm{C}_{2}^{(c)} * \sigma_{v2} = \mathrm{S}_{3}^{5}
  [2, 1, 7, 6, 8, 4, 3, 5] ∘ [1, 2, 5, 4, 3, 8, 7, 6] = [2, 1, 8, 6, 7, 5, 3, 4]
\mathrm{C}_{2}^{(c)} * \sigma_{v3} = \sigma_{h}
  [2, 1, 7, 6, 8, 4, 3, 5] ∘ [1, 2, 4, 3, 5, 7, 6, 8] = [2, 1, 6, 7, 8, 3, 4, 5]
\mathrm{C}_{2}^{(c)} * \sigma_{h} = \sigma_{v3}
  [2, 1, 7, 6, 8, 4, 3, 5] ∘ [2, 1, 6, 7, 8, 3, 4, 5] = [1, 2, 4, 3, 5, 7, 6, 8]
\mathrm{C}_{2}^{(c)} * \mathrm{S}_{3} = \sigma_{v1}
  [2, 1, 7, 6, 8, 4, 3, 5] ∘ [2, 1, 7, 8, 6, 4, 5, 3] = [1, 2, 3, 5, 4, 6, 8, 7]
\mathrm{C}_{2}^{(c)} * \mathrm{S}_{3}^{5} = \sigma_{v2}
  [2, 1, 7, 6, 8, 4, 3, 5] ∘ [2, 1, 8, 6, 7, 5, 3, 4] = [1, 2, 5, 4, 3, 8, 7, 6]
\sigma_{v1} * \mathrm{E} = \sigma_{v1}
  [1, 2, 3, 5, 4, 6, 8, 7] ∘ [1, 2, 3, 4, 5, 6, 7, 8] = [1, 2, 3, 5, 4, 6, 8, 7]
\sigma_{v1} * \mathrm{C}_{3} = \sigma_{v2}
  [1, 2, 3, 5, 4, 6, 8, 7] ∘ [1, 2, 4, 5, 3, 7, 8, 6] = [1, 2, 5, 4, 3, 8, 7, 6]
\sigma_{v1} * \mathrm{C}_{3}^{2} = \sigma_{v3}
  [1, 2, 3, 5, 4, 6, 8, 7] ∘ [1, 2, 5, 3, 4, 8, 6, 7] = [1, 2, 4, 3, 5, 7, 6, 8]
\sigma_{v1} * \mathrm{C}_{2}^{(a)} = \sigma_{h}
  [1, 2, 3, 5, 4, 6, 8, 7] ∘ [2, 1, 6, 8, 7, 3, 5, 4] = [2, 1, 6, 7, 8, 3, 4, 5]
\sigma_{v1} * \mathrm{C}_{2}^{(b)} = \mathrm{S}_{3}
  [1, 2, 3, 5, 4, 6, 8, 7] ∘ [2, 1, 8, 7, 6, 5, 4, 3] = [2, 1, 7, 8, 6, 4, 5, 3]
\sigma_{v1} * \mathrm{C}_{2}^{(c)} = \mathrm{S}_{3}^{5}
  [1, 2, 3, 5, 4, 6, 8, 7] ∘ [2, 1, 7, 6, 8, 4, 3, 5] = [2, 1, 8, 6, 7, 5, 3, 4]
\sigma_{v1} * \sigma_{v1} = \mathrm{E}
  [1, 2, 3, 5, 4, 6, 8, 7] ∘ [1, 2, 3, 5, 4, 6, 8, 7] = [1, 2, 3, 4, 5, 6, 7, 8]
\sigma_{v1} * \sigma_{v2} = \mathrm{C}_{3}
  [1, 2, 3, 5, 4, 6, 8, 7] ∘ [1, 2, 5, 4, 3, 8, 7, 6] = [1, 2, 4, 5, 3, 7, 8, 6]
\sigma_{v1} * \sigma_{v3} = \mathrm{C}_{3}^{2}
  [1, 2, 3, 5, 4, 6, 8, 7] ∘ [1, 2, 4, 3, 5, 7, 6, 8] = [1, 2, 5, 3, 4, 8, 6, 7]
\sigma_{v1} * \sigma_{h} = \mathrm{C}_{2}^{(a)}
  [1, 2, 3, 5, 4, 6, 8, 7] ∘ [2, 1, 6, 7, 8, 3, 4, 5] = [2, 1, 6, 8, 7, 3, 5, 4]
\sigma_{v1} * \mathrm{S}_{3} = \mathrm{C}_{2}^{(b)}
  [1, 2, 3, 5, 4, 6, 8, 7] ∘ [2, 1, 7, 8, 6, 4, 5, 3] = [2, 1, 8, 7, 6, 5, 4, 3]
\sigma_{v1} * \mathrm{S}_{3}^{5} = \mathrm{C}_{2}^{(c)}
  [1, 2, 3, 5, 4, 6, 8, 7] ∘ [2, 1, 8, 6, 7, 5, 3, 4] = [2, 1, 7, 6, 8, 4, 3, 5]
\sigma_{v2} * \mathrm{E} = \sigma_{v2}
  [1, 2, 5, 4, 3, 8, 7, 6] ∘ [1, 2, 3, 4, 5, 6, 7, 8] = [1, 2, 5, 4, 3, 8, 7, 6]
\sigma_{v2} * \mathrm{C}_{3} = \sigma_{v3}
  [1, 2, 5, 4, 3, 8, 7, 6] ∘ [1, 2, 4, 5, 3, 7, 8, 6] = [1, 2, 4, 3, 5, 7, 6, 8]
\sigma_{v2} * \mathrm{C}_{3}^{2} = \sigma_{v1}
  [1, 2, 5, 4, 3, 8, 7, 6] ∘ [1, 2, 5, 3, 4, 8, 6, 7] = [1, 2, 3, 5, 4, 6, 8, 7]
\sigma_{v2} * \mathrm{C}_{2}^{(a)} = \mathrm{S}_{3}^{5}
  [1, 2, 5, 4, 3, 8, 7, 6] ∘ [2, 1, 6, 8, 7, 3, 5, 4] = [2, 1, 8, 6, 7, 5, 3, 4]
\sigma_{v2} * \mathrm{C}_{2}^{(b)} = \sigma_{h}
  [1, 2, 5, 4, 3, 8, 7, 6] ∘ [2, 1, 8, 7, 6, 5, 4, 3] = [2, 1, 6, 7, 8, 3, 4, 5]
\sigma_{v2} * \mathrm{C}_{2}^{(c)} = \mathrm{S}_{3}
  [1, 2, 5, 4, 3, 8, 7, 6] ∘ [2, 1, 7, 6, 8, 4, 3, 5] = [2, 1, 7, 8, 6, 4, 5, 3]
\sigma_{v2} * \sigma_{v1} = \mathrm{C}_{3}^{2}
  [1, 2, 5, 4, 3, 8, 7, 6] ∘ [1, 2, 3, 5, 4, 6, 8, 7] = [1, 2, 5, 3, 4, 8, 6, 7]
\sigma_{v2} * \sigma_{v2} = \mathrm{E}
  [1, 2, 5, 4, 3, 8, 7, 6] ∘ [1, 2, 5, 4, 3, 8, 7, 6] = [1, 2, 3, 4, 5, 6, 7, 8]
\sigma_{v2} * \sigma_{v3} = \mathrm{C}_{3}
  [1, 2, 5, 4, 3, 8, 7, 6] ∘ [1, 2, 4, 3, 5, 7, 6, 8] = [1, 2, 4, 5, 3, 7, 8, 6]
\sigma_{v2} * \sigma_{h} = \mathrm{C}_{2}^{(b)}
  [1, 2, 5, 4, 3, 8, 7, 6] ∘ [2, 1, 6, 7, 8, 3, 4, 5] = [2, 1, 8, 7, 6, 5, 4, 3]
\sigma_{v2} * \mathrm{S}_{3} = \mathrm{C}_{2}^{(c)}
  [1, 2, 5, 4, 3, 8, 7, 6] ∘ [2, 1, 7, 8, 6, 4, 5, 3] = [2, 1, 7, 6, 8, 4, 3, 5]
\sigma_{v2} * \mathrm{S}_{3}^{5} = \mathrm{C}_{2}^{(a)}
  [1, 2, 5, 4, 3, 8, 7, 6] ∘ [2, 1, 8, 6, 7, 5, 3, 4] = [2, 1, 6, 8, 7, 3, 5, 4]
\sigma_{v3} * \mathrm{E} = \sigma_{v3}
  [1, 2, 4, 3, 5, 7, 6, 8] ∘ [1, 2, 3, 4, 5, 6, 7, 8] = [1, 2, 4, 3, 5, 7, 6, 8]
\sigma_{v3} * \mathrm{C}_{3} = \sigma_{v1}
  [1, 2, 4, 3, 5, 7, 6, 8] ∘ [1, 2, 4, 5, 3, 7, 8, 6] = [1, 2, 3, 5, 4, 6, 8, 7]
\sigma_{v3} * \mathrm{C}_{3}^{2} = \sigma_{v2}
  [1, 2, 4, 3, 5, 7, 6, 8] ∘ [1, 2, 5, 3, 4, 8, 6, 7] = [1, 2, 5, 4, 3, 8, 7, 6]
\sigma_{v3} * \mathrm{C}_{2}^{(a)} = \mathrm{S}_{3}
  [1, 2, 4, 3, 5, 7, 6, 8] ∘ [2, 1, 6, 8, 7, 3, 5, 4] = [2, 1, 7, 8, 6, 4, 5, 3]
\sigma_{v3} * \mathrm{C}_{2}^{(b)} = \mathrm{S}_{3}^{5}
  [1, 2, 4, 3, 5, 7, 6, 8] ∘ [2, 1, 8, 7, 6, 5, 4, 3] = [2, 1, 8, 6, 7, 5, 3, 4]
\sigma_{v3} * \mathrm{C}_{2}^{(c)} = \sigma_{h}
  [1, 2, 4, 3, 5, 7, 6, 8] ∘ [2, 1, 7, 6, 8, 4, 3, 5] = [2, 1, 6, 7, 8, 3, 4, 5]
\sigma_{v3} * \sigma_{v1} = \mathrm{C}_{3}
  [1, 2, 4, 3, 5, 7, 6, 8] ∘ [1, 2, 3, 5, 4, 6, 8, 7] = [1, 2, 4, 5, 3, 7, 8, 6]
\sigma_{v3} * \sigma_{v2} = \mathrm{C}_{3}^{2}
  [1, 2, 4, 3, 5, 7, 6, 8] ∘ [1, 2, 5, 4, 3, 8, 7, 6] = [1, 2, 5, 3, 4, 8, 6, 7]
\sigma_{v3} * \sigma_{v3} = \mathrm{E}
  [1, 2, 4, 3, 5, 7, 6, 8] ∘ [1, 2, 4, 3, 5, 7, 6, 8] = [1, 2, 3, 4, 5, 6, 7, 8]
\sigma_{v3} * \sigma_{h} = \mathrm{C}_{2}^{(c)}
  [1, 2, 4, 3, 5, 7, 6, 8] ∘ [2, 1, 6, 7, 8, 3, 4, 5] = [2, 1, 7, 6, 8, 4, 3, 5]
\sigma_{v3} * \mathrm{S}_{3} = \mathrm{C}_{2}^{(a)}
  [1, 2, 4, 3, 5, 7, 6, 8] ∘ [2, 1, 7, 8, 6, 4, 5, 3] = [2, 1, 6, 8, 7, 3, 5, 4]
\sigma_{v3} * \mathrm{S}_{3}^{5} = \mathrm{C}_{2}^{(b)}
  [1, 2, 4, 3, 5, 7, 6, 8] ∘ [2, 1, 8, 6, 7, 5, 3, 4] = [2, 1, 8, 7, 6, 5, 4, 3]
\sigma_{h} * \mathrm{E} = \sigma_{h}
  [2, 1, 6, 7, 8, 3, 4, 5] ∘ [1, 2, 3, 4, 5, 6, 7, 8] = [2, 1, 6, 7, 8, 3, 4, 5]
\sigma_{h} * \mathrm{C}_{3} = \mathrm{S}_{3}
  [2, 1, 6, 7, 8, 3, 4, 5] ∘ [1, 2, 4, 5, 3, 7, 8, 6] = [2, 1, 7, 8, 6, 4, 5, 3]
\sigma_{h} * \mathrm{C}_{3}^{2} = \mathrm{S}_{3}^{5}
  [2, 1, 6, 7, 8, 3, 4, 5] ∘ [1, 2, 5, 3, 4, 8, 6, 7] = [2, 1, 8, 6, 7, 5, 3, 4]
\sigma_{h} * \mathrm{C}_{2}^{(a)} = \sigma_{v1}
  [2, 1, 6, 7, 8, 3, 4, 5] ∘ [2, 1, 6, 8, 7, 3, 5, 4] = [1, 2, 3, 5, 4, 6, 8, 7]
\sigma_{h} * \mathrm{C}_{2}^{(b)} = \sigma_{v2}
  [2, 1, 6, 7, 8, 3, 4, 5] ∘ [2, 1, 8, 7, 6, 5, 4, 3] = [1, 2, 5, 4, 3, 8, 7, 6]
\sigma_{h} * \mathrm{C}_{2}^{(c)} = \sigma_{v3}
  [2, 1, 6, 7, 8, 3, 4, 5] ∘ [2, 1, 7, 6, 8, 4, 3, 5] = [1, 2, 4, 3, 5, 7, 6, 8]
\sigma_{h} * \sigma_{v1} = \mathrm{C}_{2}^{(a)}
  [2, 1, 6, 7, 8, 3, 4, 5] ∘ [1, 2, 3, 5, 4, 6, 8, 7] = [2, 1, 6, 8, 7, 3, 5, 4]
\sigma_{h} * \sigma_{v2} = \mathrm{C}_{2}^{(b)}
  [2, 1, 6, 7, 8, 3, 4, 5] ∘ [1, 2, 5, 4, 3, 8, 7, 6] = [2, 1, 8, 7, 6, 5, 4, 3]
\sigma_{h} * \sigma_{v3} = \mathrm{C}_{2}^{(c)}
  [2, 1, 6, 7, 8, 3, 4, 5] ∘ [1, 2, 4, 3, 5, 7, 6, 8] = [2, 1, 7, 6, 8, 4, 3, 5]
\sigma_{h} * \sigma_{h} = \mathrm{E}
  [2, 1, 6, 7, 8, 3, 4, 5] ∘ [2, 1, 6, 7, 8, 3, 4, 5] = [1, 2, 3, 4, 5, 6, 7, 8]
\sigma_{h} * \mathrm{S}_{3} = \mathrm{C}_{3}
  [2, 1, 6, 7, 8, 3, 4, 5] ∘ [2, 1, 7, 8, 6, 4, 5, 3] = [1, 2, 4, 5, 3, 7, 8, 6]
\sigma_{h} * \mathrm{S}_{3}^{5} = \mathrm{C}_{3}^{2}
  [2, 1, 6, 7, 8, 3, 4, 5] ∘ [2, 1, 8, 6, 7, 5, 3, 4] = [1, 2, 5, 3, 4, 8, 6, 7]
\mathrm{S}_{3} * \mathrm{E} = \mathrm{S}_{3}
  [2, 1, 7, 8, 6, 4, 5, 3] ∘ [1, 2, 3, 4, 5, 6, 7, 8] = [2, 1, 7, 8, 6, 4, 5, 3]
\mathrm{S}_{3} * \mathrm{C}_{3} = \mathrm{S}_{3}^{5}
  [2, 1, 7, 8, 6, 4, 5, 3] ∘ [1, 2, 4, 5, 3, 7, 8, 6] = [2, 1, 8, 6, 7, 5, 3, 4]
\mathrm{S}_{3} * \mathrm{C}_{3}^{2} = \sigma_{h}
  [2, 1, 7, 8, 6, 4, 5, 3] ∘ [1, 2, 5, 3, 4, 8, 6, 7] = [2, 1, 6, 7, 8, 3, 4, 5]
\mathrm{S}_{3} * \mathrm{C}_{2}^{(a)} = \sigma_{v3}
  [2, 1, 7, 8, 6, 4, 5, 3] ∘ [2, 1, 6, 8, 7, 3, 5, 4] = [1, 2, 4, 3, 5, 7, 6, 8]
\mathrm{S}_{3} * \mathrm{C}_{2}^{(b)} = \sigma_{v1}
  [2, 1, 7, 8, 6, 4, 5, 3] ∘ [2, 1, 8, 7, 6, 5, 4, 3] = [1, 2, 3, 5, 4, 6, 8, 7]
\mathrm{S}_{3} * \mathrm{C}_{2}^{(c)} = \sigma_{v2}
  [2, 1, 7, 8, 6, 4, 5, 3] ∘ [2, 1, 7, 6, 8, 4, 3, 5] = [1, 2, 5, 4, 3, 8, 7, 6]
\mathrm{S}_{3} * \sigma_{v1} = \mathrm{C}_{2}^{(c)}
  [2, 1, 7, 8, 6, 4, 5, 3] ∘ [1, 2, 3, 5, 4, 6, 8, 7] = [2, 1, 7, 6, 8, 4, 3, 5]
\mathrm{S}_{3} * \sigma_{v2} = \mathrm{C}_{2}^{(a)}
  [2, 1, 7, 8, 6, 4, 5, 3] ∘ [1, 2, 5, 4, 3, 8, 7, 6] = [2, 1, 6, 8, 7, 3, 5, 4]
\mathrm{S}_{3} * \sigma_{v3} = \mathrm{C}_{2}^{(b)}
  [2, 1, 7, 8, 6, 4, 5, 3] ∘ [1, 2, 4, 3, 5, 7, 6, 8] = [2, 1, 8, 7, 6, 5, 4, 3]
\mathrm{S}_{3} * \sigma_{h} = \mathrm{C}_{3}
  [2, 1, 7, 8, 6, 4, 5, 3] ∘ [2, 1, 6, 7, 8, 3, 4, 5] = [1, 2, 4, 5, 3, 7, 8, 6]
\mathrm{S}_{3} * \mathrm{S}_{3} = \mathrm{C}_{3}^{2}
  [2, 1, 7, 8, 6, 4, 5, 3] ∘ [2, 1, 7, 8, 6, 4, 5, 3] = [1, 2, 5, 3, 4, 8, 6, 7]
\mathrm{S}_{3} * \mathrm{S}_{3}^{5} = \mathrm{E}
  [2, 1, 7, 8, 6, 4, 5, 3] ∘ [2, 1, 8, 6, 7, 5, 3, 4] = [1, 2, 3, 4, 5, 6, 7, 8]
\mathrm{S}_{3}^{5} * \mathrm{E} = \mathrm{S}_{3}^{5}
  [2, 1, 8, 6, 7, 5, 3, 4] ∘ [1, 2, 3, 4, 5, 6, 7, 8] = [2, 1, 8, 6, 7, 5, 3, 4]
\mathrm{S}_{3}^{5} * \mathrm{C}_{3} = \sigma_{h}
  [2, 1, 8, 6, 7, 5, 3, 4] ∘ [1, 2, 4, 5, 3, 7, 8, 6] = [2, 1, 6, 7, 8, 3, 4, 5]
\mathrm{S}_{3}^{5} * \mathrm{C}_{3}^{2} = \mathrm{S}_{3}
  [2, 1, 8, 6, 7, 5, 3, 4] ∘ [1, 2, 5, 3, 4, 8, 6, 7] = [2, 1, 7, 8, 6, 4, 5, 3]
\mathrm{S}_{3}^{5} * \mathrm{C}_{2}^{(a)} = \sigma_{v2}
  [2, 1, 8, 6, 7, 5, 3, 4] ∘ [2, 1, 6, 8, 7, 3, 5, 4] = [1, 2, 5, 4, 3, 8, 7, 6]
\mathrm{S}_{3}^{5} * \mathrm{C}_{2}^{(b)} = \sigma_{v3}
  [2, 1, 8, 6, 7, 5, 3, 4] ∘ [2, 1, 8, 7, 6, 5, 4, 3] = [1, 2, 4, 3, 5, 7, 6, 8]
\mathrm{S}_{3}^{5} * \mathrm{C}_{2}^{(c)} = \sigma_{v1}
  [2, 1, 8, 6, 7, 5, 3, 4] ∘ [2, 1, 7, 6, 8, 4, 3, 5] = [1, 2, 3, 5, 4, 6, 8, 7]
\mathrm{S}_{3}^{5} * \sigma_{v1} = \mathrm{C}_{2}^{(b)}
  [2, 1, 8, 6, 7, 5, 3, 4] ∘ [1, 2, 3, 5, 4, 6, 8, 7] = [2, 1, 8, 7, 6, 5, 4, 3]
\mathrm{S}_{3}^{5} * \sigma_{v2} = \mathrm{C}_{2}^{(c)}
  [2, 1, 8, 6, 7, 5, 3, 4] ∘ [1, 2, 5, 4, 3, 8, 7, 6] = [2, 1, 7, 6, 8, 4, 3, 5]
\mathrm{S}_{3}^{5} * \sigma_{v3} = \mathrm{C}_{2}^{(a)}
  [2, 1, 8, 6, 7, 5, 3, 4] ∘ [1, 2, 4, 3, 5, 7, 6, 8] = [2, 1, 6, 8, 7, 3, 5, 4]
\mathrm{S}_{3}^{5} * \sigma_{h} = \mathrm{C}_{3}^{2}
  [2, 1, 8, 6, 7, 5, 3, 4] ∘ [2, 1, 6, 7, 8, 3, 4, 5] = [1, 2, 5, 3, 4, 8, 6, 7]
\mathrm{S}_{3}^{5} * \mathrm{S}_{3} = \mathrm{E}
  [2, 1, 8, 6, 7, 5, 3, 4] ∘ [2, 1, 7, 8, 6, 4, 5, 3] = [1, 2, 3, 4, 5, 6, 7, 8]
\mathrm{S}_{3}^{5} * \mathrm{S}_{3}^{5} = \mathrm{C}_{3}
  [2, 1, 8, 6, 7, 5, 3, 4] ∘ [2, 1, 8, 6, 7, 5, 3, 4] = [1, 2, 4, 5, 3, 7, 8, 6]